0 0.019375 0.3258333333333333 0.02125 0.051666666666666666
0 0.136875 0.38666666666666666 0.01375 0.06
0 0.284375 0.5266666666666666 0.01375 0.07333333333333333
0 0.23625 0.3275 0.015 0.04833333333333333
0 0.38875 0.28833333333333333 0.0125 0.05
0 0.525 0.43333333333333335 0.02 0.07
0 0.6975 0.4241666666666667 0.01 0.051666666666666666
0 0.641875 0.32 0.01875 0.056666666666666664
1 0.041875 0.3925 0.02125 0.051666666666666666
1 0.2825 0.5916666666666667 0.03 0.06666666666666667
1 0.3125 0.7533333333333333 0.0225 0.09333333333333334
1 0.251875 0.36666666666666664 0.02125 0.06333333333333334
1 0.409375 0.30083333333333334 0.01375 0.055
1 0.68 0.36333333333333334 0.02 0.06
1 0.8725 0.4666666666666667 0.025 0.06
1 0.70125 0.6133333333333333 0.0075 0.08666666666666667
2 0.2125 0.18 0.015 0.06
4 0.834375 0.2683333333333333 0.01125 0.05
4 0.470625 0.125 0.01875 0.043333333333333335
5 0.854375 0.5 0.03 0.03