0 0.0925 0.3516666666666667 0.025 0.06
0 0.238125 0.30583333333333335 0.01375 0.06166666666666667
0 0.168125 0.5058333333333334 0.02125 0.07833333333333334
0 0.33875 0.37083333333333335 0.0175 0.06833333333333333
0 0.4525 0.49416666666666664 0.01 0.065
0 0.659375 0.43333333333333335 0.02125 0.07333333333333333
0 0.854375 0.4525 0.01625 0.07166666666666667
0 0.831875 0.3308333333333333 0.01375 0.055
1 0.24125 0.39 0.01 0.05333333333333334
1 0.019375 0.5683333333333334 0.01875 0.07
1 0.433125 0.5741666666666667 0.00625 0.065
1 0.515625 0.7108333333333333 0.01875 0.075
1 0.84125 0.58 0.0275 0.06
1 0.883125 0.42916666666666664 0.01625 0.06833333333333333
2 0.456875 0.16583333333333333 0.01625 0.058333333333333334
4 0.200625 0.45916666666666667 0.02125 0.065
4 0.685 0.12333333333333334 0.01 0.05
5 0.890625 0.5958333333333333 0.03 0.03