0 0.168125 0.385 0.01875 0.06333333333333334
0 0.204375 0.7741666666666667 0.01625 0.08833333333333333
0 0.278125 0.4483333333333333 0.01625 0.07333333333333333
0 0.350625 0.38166666666666665 0.01875 0.05
0 0.519375 0.37166666666666665 0.01375 0.06666666666666667
0 0.49375 0.6041666666666666 0.0225 0.07166666666666667
0 0.679375 0.5558333333333333 0.02875 0.075
0 0.75625 0.3616666666666667 0.0175 0.07333333333333333
0 0.894375 0.4658333333333333 0.01125 0.065
1 0.216875 0.4125 0.01125 0.051666666666666666
1 0.35375 0.42833333333333334 0.0175 0.043333333333333335
1 0.494375 0.3625 0.02125 0.06833333333333333
1 0.51875 0.6208333333333333 0.015 0.07166666666666667
1 0.476875 0.8541666666666666 0.01625 0.085
1 0.94125 0.735 0.02 0.08666666666666667
2 0.353125 0.19166666666666668 0.00875 0.07666666666666666
4 0.063125 0.5191666666666667 0.02125 0.06833333333333333
5 0.493125 0.8708333333333333 0.03 0.03