0 0.055 0.43666666666666665 0.0075 0.06333333333333334
0 0.24875 0.3441666666666667 0.0075 0.035
0 0.35125 0.30916666666666665 0.0175 0.051666666666666666
0 0.349375 0.4075 0.01375 0.045
0 0.456875 0.5775 0.01125 0.06833333333333333
0 0.355 0.7466666666666667 0.0325 0.07
0 0.62375 0.48333333333333334 0.01 0.06333333333333334
0 0.498125 0.32666666666666666 0.01625 0.056666666666666664
0 0.729375 0.3541666666666667 0.01125 0.058333333333333334
0 0.86125 0.465 0.0175 0.06
1 0.3025 0.2975 0.01 0.04833333333333333
1 0.384375 0.4 0.01875 0.05333333333333334
1 0.505625 0.3875 0.01625 0.04833333333333333
1 0.48875 0.5991666666666666 0.0125 0.055
1 0.4825 0.7983333333333333 0.015 0.06333333333333334
1 0.87875 0.6908333333333333 0.025 0.075
2 0.39125 0.20166666666666666 0.0175 0.05333333333333334
4 0.1575 0.49666666666666665 0.01 0.06666666666666667
4 0.64375 0.145 0.0075 0.043333333333333335
5 0.358125 0.25916666666666666 0.03 0.03