0 0.045 0.3233333333333333 0.0175 0.05333333333333334
0 0.1625 0.37833333333333335 0.02 0.06333333333333334
0 0.26375 0.33 0.01 0.056666666666666664
0 0.31625 0.5191666666666667 0.015 0.06166666666666667
0 0.416875 0.29083333333333333 0.01875 0.06166666666666667
0 0.55125 0.415 0.02 0.06333333333333334
0 0.6575 0.31916666666666665 0.01 0.07166666666666667
0 0.73375 0.4266666666666667 0.015 0.05333333333333334
1 0.06625 0.3883333333333333 0.0175 0.06333333333333334
1 0.274375 0.3575 0.00875 0.04833333333333333
1 0.31 0.585 0.0125 0.07
1 0.33625 0.7566666666666667 0.0175 0.07666666666666666
1 0.44 0.30416666666666664 0.0125 0.058333333333333334
1 0.678125 0.34 0.00875 0.06
1 0.7475 0.6241666666666666 0.0325 0.07833333333333334
1 0.8775 0.4841666666666667 0.0225 0.06166666666666667
2 0.221875 0.1775 0.01125 0.058333333333333334
4 0.009375 0.4775 0.01125 0.051666666666666666
4 0.485625 0.12083333333333333 0.02125 0.045
4 0.84 0.2675 0.0125 0.058333333333333334
5 0.855625 0.51 0.03 0.03