0 0.02375 0.32916666666666666 0.0175 0.065
0 0.135625 0.38083333333333336 0.02125 0.058333333333333334
0 0.240625 0.3258333333333333 0.01375 0.041666666666666664
0 0.29 0.5216666666666666 0.01 0.06
0 0.52875 0.43 0.02 0.06
0 0.70125 0.4216666666666667 0.01 0.05
0 0.645 0.3283333333333333 0.02 0.08
0 0.389375 0.2866666666666667 0.01375 0.05
1 0.043125 0.3925 0.01375 0.055
1 0.25 0.3641666666666667 0.0125 0.055
1 0.285 0.5925 0.02 0.07166666666666667
1 0.31875 0.7508333333333334 0.0175 0.075
1 0.410625 0.29833333333333334 0.01875 0.06333333333333334
1 0.68 0.35583333333333333 0.02 0.058333333333333334
1 0.7075 0.6158333333333333 0.025 0.085
1 0.876875 0.4691666666666667 0.02125 0.07166666666666667
2 0.2125 0.17583333333333334 0.02 0.058333333333333334
4 0.83625 0.2625 0.02 0.058333333333333334
4 0.469375 0.125 0.02125 0.043333333333333335
5 0.8525 0.5008333333333334 0.03 0.03