0 0.06125 0.32 0.0225 0.06
0 0.17375 0.37833333333333335 0.0175 0.06
0 0.278125 0.32916666666666666 0.00875 0.051666666666666666
0 0.33375 0.5258333333333334 0.02 0.06166666666666667
0 0.56375 0.4116666666666667 0.015 0.07
0 0.748125 0.42916666666666664 0.01625 0.051666666666666666
0 0.66375 0.3175 0.0075 0.065
0 0.43875 0.29083333333333333 0.01 0.04833333333333333
1 0.08 0.385 0.025 0.05
1 0.286875 0.36083333333333334 0.01125 0.03833333333333333
1 0.323125 0.5841666666666666 0.01375 0.06166666666666667
1 0.35125 0.7666666666666667 0.025 0.07666666666666666
1 0.4525 0.30916666666666665 0.0125 0.06166666666666667
1 0.676875 0.32916666666666666 0.01125 0.058333333333333334
1 0.760625 0.6233333333333333 0.02625 0.08
1 0.8775 0.4791666666666667 0.0125 0.065
2 0.23125 0.1825 0.0175 0.055
4 0.021875 0.4775 0.01375 0.06833333333333333
4 0.85125 0.265 0.0125 0.05
4 0.498125 0.12333333333333334 0.01375 0.06
5 0.860625 0.5116666666666667 0.03 0.03