0 0.105625 0.335 0.01625 0.05333333333333334
0 0.246875 0.4066666666666667 0.01875 0.06333333333333334
0 0.328125 0.36666666666666664 0.01625 0.05
0 0.40125 0.5233333333333333 0.02 0.05
0 0.665625 0.4975 0.02375 0.058333333333333334
0 0.68125 0.33416666666666667 0.0125 0.04833333333333333
0 0.8025 0.46416666666666667 0.02 0.065
1 0.16375 0.395 0.02 0.06
1 0.313125 0.42333333333333334 0.01875 0.06
1 0.4625 0.34 0.02 0.043333333333333335
1 0.395625 0.5783333333333334 0.01625 0.06333333333333334
1 0.385 0.8216666666666667 0.0175 0.07333333333333333
1 0.788125 0.625 0.01125 0.07
1 0.920625 0.475 0.00875 0.08
2 0.24625 0.18416666666666667 0.01 0.06166666666666667
4 0.053125 0.5025 0.01875 0.058333333333333334
4 0.534375 0.125 0.00875 0.043333333333333335
4 0.895 0.30083333333333334 0.0175 0.051666666666666666
5 0.71625 0.6733333333333333 0.03 0.03