0 0.054375 0.435 0.01125 0.056666666666666664
0 0.245 0.35 0.0125 0.04666666666666667
0 0.350625 0.31916666666666665 0.01875 0.055
0 0.349375 0.4075 0.01875 0.06166666666666667
0 0.45625 0.58 0.015 0.08
0 0.355 0.745 0.0125 0.08
0 0.6275 0.4925 0.015 0.058333333333333334
0 0.495625 0.3283333333333333 0.01125 0.04666666666666667
0 0.723125 0.3541666666666667 0.01125 0.055
0 0.855 0.4608333333333333 0.0075 0.055
1 0.301875 0.2975 0.01125 0.03833333333333333
1 0.384375 0.3925 0.00375 0.058333333333333334
1 0.490625 0.5958333333333333 0.01125 0.055
1 0.476875 0.8 0.02125 0.07333333333333333
1 0.736875 0.39 0.01125 0.06
1 0.503125 0.37833333333333335 0.02125 0.056666666666666664
1 0.876875 0.6966666666666667 0.02125 0.08
2 0.3925 0.20333333333333334 0.015 0.043333333333333335
4 0.155 0.49916666666666665 0.0225 0.075
5 0.36 0.2625 0.03 0.03