0 0.099375 0.33416666666666667 0.01625 0.058333333333333334
0 0.2375 0.4091666666666667 0.02 0.058333333333333334
0 0.31875 0.3591666666666667 0.015 0.055
0 0.389375 0.5308333333333334 0.01625 0.055
0 0.463125 0.315 0.01875 0.04666666666666667
0 0.646875 0.4775 0.01625 0.065
0 0.68 0.3283333333333333 0.0125 0.05333333333333334
0 0.795625 0.45666666666666667 0.01375 0.06333333333333334
1 0.15 0.39166666666666666 0.0125 0.06
1 0.310625 0.4166666666666667 0.01375 0.06333333333333334
1 0.45375 0.33 0.015 0.05
1 0.383125 0.5758333333333333 0.01625 0.058333333333333334
1 0.376875 0.8183333333333334 0.02125 0.07333333333333333
1 0.7875 0.6258333333333334 0.02 0.065
1 0.90875 0.4791666666666667 0.0125 0.06166666666666667
2 0.2425 0.18416666666666667 0.01 0.058333333333333334
4 0.53125 0.12583333333333332 0.01 0.051666666666666666
4 0.88125 0.29583333333333334 0.0075 0.055
4 0.051875 0.49416666666666664 0.01875 0.058333333333333334
5 0.775 0.6483333333333333 0.03 0.03