0 0.070625 0.6875 0.01625 0.07166666666666667
0 0.19125 0.5025 0.0125 0.058333333333333334
0 0.345625 0.4708333333333333 0.01125 0.041666666666666664
0 0.321875 0.6383333333333333 0.01375 0.06
0 0.404375 0.8608333333333333 0.01875 0.085
0 0.469375 0.4775 0.01125 0.055
0 0.64125 0.7308333333333333 0.0175 0.085
0 0.830625 0.5808333333333333 0.01875 0.07833333333333334
0 0.91 0.7583333333333333 0.0075 0.07666666666666666
1 0.198125 0.44916666666666666 0.01375 0.035
1 0.2925 0.5158333333333334 0.0225 0.051666666666666666
1 0.441875 0.5441666666666667 0.02375 0.058333333333333334
1 0.3725 0.8616666666666667 0.0275 0.07
1 0.700625 0.6616666666666666 0.01875 0.06
1 0.738125 0.8883333333333333 0.02125 0.08
2 0.375 0.465 0.0075 0.05333333333333334
4 0.190625 0.6016666666666667 0.00875 0.07
4 0.71375 0.37333333333333335 0.01 0.06
5 0.4875 0.4066666666666667 0.03 0.03