0 0.035625 0.3275 0.01375 0.058333333333333334
0 0.150625 0.38416666666666666 0.01375 0.07166666666666667
0 0.251875 0.3283333333333333 0.01875 0.05333333333333334
0 0.30875 0.52 0.015 0.06
0 0.543125 0.4266666666666667 0.01125 0.09
0 0.65125 0.32 0.0125 0.056666666666666664
0 0.725 0.425 0.0175 0.04666666666666667
0 0.41 0.29333333333333333 0.0125 0.05
1 0.05875 0.385 0.0125 0.05
1 0.26375 0.35583333333333333 0.01 0.055
1 0.4325 0.30916666666666665 0.0175 0.06833333333333333
1 0.3 0.58 0.02 0.06
1 0.328125 0.755 0.00875 0.07666666666666666
1 0.67375 0.3441666666666667 0.01 0.06166666666666667
1 0.731875 0.6133333333333333 0.02625 0.07666666666666666
1 0.875625 0.4816666666666667 0.01625 0.06333333333333334
2 0.21875 0.1825 0.0125 0.058333333333333334
4 0.48125 0.1225 0.0125 0.045
4 0.838125 0.2658333333333333 0.00875 0.058333333333333334
4 0.006875 0.47833333333333333 0.01125 0.06666666666666667
5 0.85125 0.5058333333333334 0.03 0.03