0 0.1975 0.48083333333333333 0.0175 0.06833333333333333
0 0.065625 0.6858333333333333 0.03875 0.07833333333333334
0 0.325625 0.6425 0.01875 0.06166666666666667
0 0.421875 0.8708333333333333 0.02125 0.085
0 0.659375 0.7366666666666667 0.01125 0.08333333333333333
0 0.49625 0.4675 0.01 0.06833333333333333
0 0.35625 0.44916666666666666 0.0175 0.065
0 0.874375 0.57 0.02375 0.07333333333333333
0 0.948125 0.765 0.02125 0.08666666666666667
1 0.24625 0.4891666666666667 0.025 0.055
1 0.143125 0.45666666666666667 0.01125 0.04
1 0.406875 0.5316666666666666 0.02375 0.06
1 0.33125 0.8758333333333334 0.0325 0.07166666666666667
1 0.71625 0.8875 0.035 0.08166666666666667
1 0.699375 0.6658333333333334 0.00875 0.065
1 0.98125 0.6241666666666666 0.02 0.08166666666666667
2 0.386875 0.4525 0.01125 0.065
4 0.19375 0.5916666666666667 0.005 0.07
4 0.7575 0.3625 0.0075 0.058333333333333334
5 0.501875 0.38333333333333336 0.03 0.03