0 0.08375 0.3225 0.0175 0.051666666666666666
0 0.204375 0.3825 0.01375 0.051666666666666666
0 0.36375 0.5291666666666667 0.02 0.075
0 0.31125 0.3408333333333333 0.01 0.06833333333333333
0 0.4625 0.3 0.0125 0.05
0 0.58625 0.43333333333333335 0.0175 0.056666666666666664
0 0.6725 0.3175 0.01 0.06833333333333333
0 0.776875 0.4425 0.01625 0.058333333333333334
1 0.10375 0.395 0.0125 0.06333333333333334
1 0.306875 0.385 0.01375 0.05
1 0.45375 0.31833333333333336 0.01 0.07333333333333333
1 0.349375 0.5675 0.01875 0.058333333333333334
1 0.368125 0.7833333333333333 0.02125 0.08333333333333333
1 0.685625 0.31833333333333336 0.01375 0.06
1 0.88125 0.4875 0.0125 0.06833333333333333
1 0.780625 0.6258333333333334 0.01625 0.075
2 0.2425 0.18666666666666668 0.015 0.06
4 0.040625 0.4791666666666667 0.01875 0.06833333333333333
4 0.51625 0.12583333333333332 0.015 0.045
4 0.85625 0.275 0.0125 0.06333333333333334
5 0.821875 0.5708333333333333 0.03 0.03