0 0.13125 0.38916666666666666 0.03 0.07166666666666667
0 0.01125 0.32666666666666666 0.015 0.05
0 0.226875 0.3358333333333333 0.01125 0.051666666666666666
0 0.27 0.525 0.015 0.07333333333333333
0 0.513125 0.43916666666666665 0.01875 0.065
0 0.6375 0.3225 0.0225 0.055
0 0.67875 0.4225 0.01 0.04833333333333333
0 0.375 0.2916666666666667 0.02 0.06
1 0.030625 0.3958333333333333 0.01375 0.06166666666666667
1 0.241875 0.3616666666666667 0.01125 0.06
1 0.265 0.595 0.015 0.056666666666666664
1 0.315625 0.7416666666666667 0.02125 0.08
1 0.684375 0.5983333333333334 0.01875 0.08333333333333333
1 0.688125 0.37583333333333335 0.01875 0.058333333333333334
1 0.39875 0.30083333333333334 0.02 0.06166666666666667
1 0.875625 0.46166666666666667 0.01875 0.06666666666666667
2 0.20875 0.1775 0.0225 0.058333333333333334
4 0.83875 0.2633333333333333 0.015 0.05
4 0.459375 0.12583333333333332 0.01375 0.03833333333333333
5 0.856875 0.4925 0.03 0.03